4(0) 
4(1) 8(0) 
RL
4(0) 7(1) 8(0) 
1(0) 4(1) 7(2) 8(0) 
LR
1(0) 2(1) 4(0) 7(2) 8(0) 
1(0) 2(1) 4(0) 7(2) 8(1) 10(0) 
RL
1(0) 2(1) 4(0) 7(2) 8(0) 9(1) 10(0) 
0(0) 1(1) 2(2) 4(0) 7(3) 8(0) 9(1) 10(0) 
0(0) 1(1) 2(2) 3(0) 4(1) 7(3) 8(0) 9(1) 10(0) 
0(0) 1(1) 2(2) 3(0) 4(1) 5(0) 7(3) 8(0) 9(1) 10(0) 
LR
0(0) 1(1) 2(2) 3(0) 4(3) 5(1) 6(0) 7(2) 8(0) 9(1) 10(0) 
LL
0(0) 1(1) 2(0) 4(3) 5(1) 6(0) 7(2) 8(0) 9(1) 10(0) 
0(0) 1(1) 2(0) 4(3) 5(1) 6(0) 7(2) 8(0) 9(1) 
0(0) 1(1) 2(0) 4(3) 5(0) 7(2) 8(0) 9(1) 
RL
0(0) 1(1) 2(0) 4(2) 7(0) 8(1) 9(0) 
